0 0 0 0 0 0 0 0 0 0 0 0 0 0 0 0 0 0 0 0 0 0
0 0 0 0 0 0 0 0 0 0 0 0 0 0 0 0 0 0 0 0 0 0
0 0 0 0 0 0 0 0 0 0 0 0 0 0 0 0 0 0 0 0 0 0
0 0 0 0 0 0 0 0 0 0 0 0 0 0 0 0 0 0 0 0 0 0
2 2 2 2 2 2 2 2 2 2 2 2 2 2 2 2 2 2 2 2 2 2
40 40 40 40 40 40 40 40 40 28 28 28 28 28 40 40 40 40 40 40 40 40
40 40 40 40 40 40 40 40 28 28 28 28 28 28 40 40 40 40 40 40 40 40
40 40 40 40 40 40 40 40 28 28 28 28 28 40 40 40 40 40 40 40 40 40
40 40 40 40 40 40 40 40 40 28 28 28 28 28 40 40 40 40 40 40 40 40 40 28 28 28 28 28 28 28 28 28 28 28 28
40 40 40 40 40 40 40 40 40 28 28 28 28 28 28 28 40 40 40 40 40 40 28 28 28 28 28 28 28 28 28 28 28 28 28
40 40 40 40 40 40 40 40 40 40 28 28 28 28 28 28 28 28 28 40 40 28 28 28 28 10 1 1 11 28 28 28 28 28 28
40 40 40 40 40 40 40 40 40 40 40 28 28 28 28 28 28 28 28 28 28 28 28 10 1 6 0 0 7 11 28 28 28 28 28
40 40 40 40 40 40 40 40 40 40 40 40 40 28 28 28 28 28 28 28 28 28 10 6 0 0 0 0 0 7 11 28 28 28 28
40 40 40 40 40 40 40 40 40 40 40 40 40 40 28 28 28 28 28 28 28 28 3 0 0 0 0 0 0 0 7 1 11 28 28
40 40 40 40 40 40 40 40 40 40 40 40 40 40 28 28 28 28 28 28 28 10 6 0 0 0 0 0 0 0 0 0 7 11 28
40 40 40 40 40 40 40 40 40 40 40 40 40 40 28 28 28 28 28 28 28 3 0 0 0 0 0 0 0 0 0 0 5 9 28
40 40 40 40 40 40 40 40 40 40 40 40 40 40 40 28 28 28 28 28 28 3 0 0 0 0 0 0 0 0 0 5 9 28 28
40 40 40 40 40 40 40 40 40 40 40 40 40 40 40 40 28 28 28 28 10 6 0 0 0 0 0 0 0 0 5 9 28 28 28
40 40 40 40 40 40 40 40 40 40 40 40 40 40 40 40 28 28 28 28 12 8 0 0 0 0 0 0 0 5 9 28 28 28 28
40 40 40 40 40 40 40 40 40 40 40 40 40 40 40 40 28 28 28 28 28 12 8 0 0 0 0 5 2 9 28 28 28 28 28
40 40 40 40 40 40 40 40 40 40 40 40 40 40 40 28 28 28 28 28 28 28 12 8 0 0 5 9 28 28 28 28 28 28 28 
40 40 40 40 40 40 40 40 40 40 40 40 40 40 28 28 28 28 28 28 28 28 28 12 2 2 9 28 28 28 28 28 28 28 28
40 40 40 40 40 40 40 40 40 40 40 40 40 40 28 28 28 28 28 28 28 28 28 28 28 28 28 28 28 28 28 28 28 28 28
40 40 40 40 40 40 40 40 40 40 40 40 40 40 28 28 28 28 28 28 40 40 40 40 40 28 28 28 28 28 28 28 28 28 28 
40 40 40 40 40 40 40 40 40 40 40 40 40 28 28 28 28 28 28 40 40 40 40 40 40 40 40 40 40 40 40 40 40 40 40
40 40 40 40 40 40 40 40 40 40 40 40 40 28 28 28 28 28 40 40 40 40 40 40 40 40 40 40 40 40 40 40 40 40 40
40 40 40 40 40 40 40 40 40 40 40 40 28 28 28 28 28 28 40 40 40 40 40 40 40 40 40 40 40 40 40 40 40 40 40
40 40 40 40 40 40 40 40 40 40 40 28 28 28 28 28 28 28 28 40 40 40 40 40 40 40 40 40 40 40 40 40 40 40 40
40 40 40 40 40 40 40 40 40 40 40 28 28 41 -1 28 28 28 28 40 40 40 40 40 40 40 40 40 40 40 40 40 40 40 40
40 40 40 40 40 40 40 40 40 40 40 28 28 -1 -1 28 28 28 28 40 40 40 40 40 40 40 40 40 40 40 40 40 40 40 40
40 40 40 40 40 40 40 40 40 40 40 28 28 28 28 28 28 28 28 40 40 40 40 40 40 40 40 40 40 40 40 40 40 40 40
40 40 40 40 40 40 40 40 40 40 40 40 28 28 28 28 28 28 40 40 40 40 40 40 40 40 40 40 40 40 40 40 40 40 40
40 40 40 40 40 40 40 40 40 40 40 40 40 28 28 28 28 40 40 40 40 40 40 40 40 40 40 40 40 40 40 40 40 40 40
40 40 40 40 40 40 40 40 40 40 40 40 40 40 40 40 40 40 40 40 40 40 40 40 40 40 40 40 40 40 40 40 40 40 40
40 40 40 40 40 40 40 40 40 40 40 40 40 40 40 40 40 40 40 40 40 40 40 40 40 40 40 40 40 40 40 40 40 40 40
40 40 40 40 40 40 40 40 40 40 40 40 40 40 40 40 40 40 40 40 40 40 40 40 40 40 40 40 40 40 40 40 40 40 40
40 40 40 40 40 40 40 40 40 40 40 40 40 40 40 40 40 40 40 40 40 40 40 40 40 40 40 40 40 40 40 40 40 40 40
40 40 40 40 40 40 40 40 40 40 40 40 40 40 40 40 40 40 40 40 40 40 40 40 40 40 40 40 40 40 40 40 40 40 40